shape_id,shape_pt_lat,shape_pt_lon,shape_pt_sequence,shape_dist_traveled
328_to_837,8.58942,39.1257,0,0.00
328_to_837,8.58921,39.12557,1,27.38
328_to_837,8.58921,39.12557,2,27.38
328_to_837,8.58886,39.12609,3,96.54
328_to_837,8.58886,39.12609,4,96.54
328_to_837,8.58879,39.12619,5,110.01
328_to_837,8.58932,39.12658,6,182.89
328_to_837,8.58962,39.12687,7,229.04
328_to_837,8.5899,39.12714,8,272.06
328_to_837,8.59015,39.12743,9,314.36
328_to_837,8.59038,39.12774,10,356.97
328_to_837,8.59053,39.12797,11,387.26
328_to_837,8.59079,39.12839,12,441.75
328_to_837,8.59131,39.12918,13,546.09
328_to_837,8.59146,39.12946,14,581.10
328_to_837,8.59165,39.12972,15,616.65
328_to_837,8.5917,39.12984,16,630.97
328_to_837,8.59174,39.12996,17,644.89
328_to_837,8.59176,39.13005,18,655.03
328_to_837,8.59177,39.13015,19,666.08
328_to_837,8.59177,39.13025,20,677.08
328_to_837,8.59176,39.13035,21,688.13
328_to_837,8.59171,39.13059,22,715.09
328_to_837,8.591,39.13292,23,983.16
328_to_837,8.59075,39.13376,24,1079.61
328_to_837,8.5903,39.13532,25,1258.28
328_to_837,8.5891,39.14044,26,1836.81
328_to_837,8.58899,39.14088,27,1886.71
328_to_837,8.5889,39.14128,28,1931.81
328_to_837,8.58889,39.14136,29,1940.68
328_to_837,8.58886,39.14185,30,1994.65
328_to_837,8.58887,39.14237,31,2051.84
328_to_837,8.58892,39.14285,32,2104.90
328_to_837,8.58894,39.14298,33,2119.37
328_to_837,8.58894,39.14298,34,2119.37
328_to_837,8.58872,39.14313,35,2148.87
328_to_837,8.5883,39.14349,36,2210.09
328_to_837,8.5882,39.14357,37,2224.27
328_to_837,8.58775,39.14398,38,2291.62
328_to_837,8.58764,39.14408,39,2308.06
328_to_837,8.58757,39.14417,40,2320.65
328_to_837,8.58748,39.14428,41,2336.35
328_to_837,8.58742,39.14438,42,2349.21
328_to_837,8.58737,39.14449,43,2362.52
328_to_837,8.58734,39.14459,44,2374.01
328_to_837,8.58733,39.14474,45,2390.54
328_to_837,8.58735,39.14487,46,2405.01
328_to_837,8.58739,39.14501,47,2421.03
328_to_837,8.58745,39.14514,48,2436.81
328_to_837,8.58762,39.14536,49,2467.50
328_to_837,8.58802,39.14581,50,2534.03
328_to_837,8.58808,39.14589,51,2545.07
328_to_837,8.58814,39.14594,52,2553.72
328_to_837,8.58829,39.14608,53,2576.42
328_to_837,8.58878,39.14648,54,2646.44
328_to_837,8.58934,39.14695,55,2727.35
328_to_837,8.58988,39.14749,56,2811.80
328_to_837,8.58988,39.14749,57,2811.80
328_to_837,8.59025,39.14784,58,2868.13
328_to_837,8.5904,39.148,59,2892.37
328_to_837,8.59089,39.14852,60,2971.35
328_to_837,8.59121,39.14883,61,3020.62
328_to_837,8.59143,39.14907,62,3056.60
328_to_837,8.59155,39.14923,63,3078.68
328_to_837,8.59171,39.14948,64,3111.43
328_to_837,8.59175,39.14967,65,3132.78
328_to_837,8.59175,39.14982,66,3149.28
328_to_837,8.5917,39.15005,67,3175.17
328_to_837,8.59164,39.15018,68,3190.94
328_to_837,8.59151,39.15033,69,3212.87
328_to_837,8.59135,39.15045,70,3235.02
328_to_837,8.59119,39.15051,71,3254.00
328_to_837,8.59106,39.15052,72,3268.49
328_to_837,8.59088,39.1505,73,3288.63
328_to_837,8.59075,39.15043,74,3305.00
328_to_837,8.59063,39.1503,75,3324.56
328_to_837,8.59056,39.15015,76,3342.80
328_to_837,8.59054,39.14997,77,3362.71
328_to_837,8.59058,39.14975,78,3387.30
328_to_837,8.59074,39.14925,79,3445.09
328_to_837,8.59074,39.14925,80,3445.09
328_to_837,8.59125,39.14856,81,3539.80
328_to_837,8.5918,39.14783,82,3640.71
328_to_837,8.59243,39.14711,83,3746.42
328_to_837,8.59285,39.14669,84,3812.09
328_to_837,8.59354,39.14606,85,3915.46
328_to_837,8.59419,39.14553,86,4008.30
328_to_837,8.59494,39.14499,87,4110.67
328_to_837,8.59605,39.14432,88,4254.41
328_to_837,8.59691,39.14387,89,4362.08
328_to_837,8.59777,39.14351,90,4465.57
328_to_837,8.59865,39.14318,91,4569.93
328_to_837,8.60024,39.14263,92,4756.79
328_to_837,8.60185,39.1421,93,4945.06
328_to_837,8.60498,39.14101,94,5313.15
328_to_837,8.6059,39.14068,95,5421.69
328_to_837,8.60676,39.14034,96,5524.37
328_to_837,8.60756,39.14,97,5620.86
328_to_837,8.60779,39.13989,98,5649.15
328_to_837,8.6083,39.13965,99,5711.69
328_to_837,8.60882,39.13941,100,5775.25
328_to_837,8.611,39.1382,101,6051.76
328_to_837,8.61232,39.13742,102,6221.75
328_to_837,8.61286,39.13708,103,6292.48
328_to_837,8.61331,39.13678,104,6352.41
328_to_837,8.61422,39.13616,105,6474.42
328_to_837,8.61591,39.1349,106,6707.88
328_to_837,8.61672,39.13432,107,6818.23
328_to_837,8.61771,39.13361,108,6953.18
328_to_837,8.61843,39.1331,109,7050.92
328_to_837,8.61952,39.13233,110,7198.76
328_to_837,8.62051,39.13156,111,7337.63
328_to_837,8.62118,39.13101,112,7433.58
328_to_837,8.6216,39.13064,113,7495.51
328_to_837,8.62331,39.12904,114,7754.54
328_to_837,8.62481,39.12734,115,8005.04
328_to_837,8.62609,39.1257,116,8234.74
328_to_837,8.62721,39.1239,117,8468.56
328_to_837,8.62778,39.12303,118,8583.30
328_to_837,8.62827,39.12206,119,8703.05
328_to_837,8.62929,39.12002,120,8954.37
328_to_837,8.62961,39.11928,121,9043.16
328_to_837,8.63005,39.11824,122,9167.52
328_to_837,8.6304,39.11747,123,9260.69
328_to_837,8.63103,39.11604,124,9432.80
328_to_837,8.63141,39.1152,125,9534.35
328_to_837,8.63195,39.11418,126,9661.55
328_to_837,8.63278,39.11282,127,9837.26
328_to_837,8.63336,39.11192,128,9955.36
328_to_837,8.63404,39.11105,129,10077.28
328_to_837,8.63511,39.1099,130,10250.89
328_to_837,8.63633,39.1088,131,10432.62
328_to_837,8.63763,39.10781,132,10613.56
328_to_837,8.63853,39.10716,133,10736.53
328_to_837,8.63907,39.10683,134,10806.69
328_to_837,8.63931,39.10669,135,10837.49
328_to_837,8.6417,39.10554,136,11131.79
328_to_837,8.64468,39.10431,137,11489.67
328_to_837,8.65047,39.1019,138,12185.87
328_to_837,8.65155,39.10135,139,12320.33
328_to_837,8.65262,39.10076,140,12455.83
328_to_837,8.65365,39.10015,141,12588.55
328_to_837,8.65549,39.0989,142,12835.01
328_to_837,8.65657,39.09809,143,12984.51
328_to_837,8.658,39.09689,144,13191.11
328_to_837,8.65867,39.09625,145,13293.58
328_to_837,8.65933,39.09562,146,13394.49
328_to_837,8.66035,39.09454,147,13558.68
328_to_837,8.66129,39.09337,148,13724.41
328_to_837,8.66262,39.09171,149,13959.29
328_to_837,8.66548,39.08816,150,14462.70
328_to_837,8.66944,39.08309,151,15172.98
328_to_837,8.67005,39.08234,152,15279.74
328_to_837,8.67126,39.08098,153,15480.87
328_to_837,8.67192,39.08028,154,15587.20
328_to_837,8.67245,39.07977,155,15668.54
328_to_837,8.67365,39.07868,156,15847.87
328_to_837,8.67429,39.07811,157,15942.69
328_to_837,8.67546,39.07717,158,16108.83
328_to_837,8.6767,39.07627,159,16278.53
328_to_837,8.67748,39.07577,160,16381.21
328_to_837,8.67842,39.07515,161,16505.99
328_to_837,8.67938,39.07458,162,16629.77
328_to_837,8.68207,39.07312,163,16969.21
328_to_837,8.68373,39.07221,164,17179.16
328_to_837,8.68465,39.0717,165,17295.81
328_to_837,8.6872,39.07033,166,17616.87
328_to_837,8.68879,39.06939,167,17821.64
328_to_837,8.68975,39.06875,168,17949.49
328_to_837,8.69088,39.06795,169,18102.85
328_to_837,8.69285,39.06644,170,18377.68
328_to_837,8.6938,39.06565,171,18514.43
328_to_837,8.69536,39.0642,172,18749.99
328_to_837,8.69581,39.06375,173,18820.35
328_to_837,8.69746,39.06208,174,19079.88
328_to_837,8.69845,39.06111,175,19233.13
328_to_837,8.69929,39.06023,176,19367.60
328_to_837,8.70012,39.05939,177,19498.14
328_to_837,8.70159,39.0579,178,19729.53
328_to_837,8.70162,39.05787,179,19734.22
328_to_837,8.70174,39.05772,180,19755.43
328_to_837,8.70616,39.05331,181,20445.73
328_to_837,8.70832,39.05119,182,20780.37
328_to_837,8.7093,39.05026,183,20929.78
328_to_837,8.71026,39.04939,184,21073.09
328_to_837,8.7123,39.04766,185,21369.08
328_to_837,8.71369,39.04655,186,21565.99
328_to_837,8.71456,39.04593,187,21684.33
328_to_837,8.71529,39.04541,188,21783.60
328_to_837,8.71715,39.04418,189,22030.69
328_to_837,8.71784,39.04373,190,22121.97
328_to_837,8.72105,39.04158,191,22550.04
328_to_837,8.72206,39.04093,192,22683.15
328_to_837,8.72529,39.03868,193,23119.21
328_to_837,8.72614,39.03804,194,23237.03
328_to_837,8.72716,39.03723,195,23381.21
328_to_837,8.72844,39.03614,196,23567.25
328_to_837,8.7292,39.03545,197,23680.79
328_to_837,8.73047,39.03423,198,23875.53
328_to_837,8.73178,39.03289,199,24082.67
328_to_837,8.73293,39.0316,200,24273.60
328_to_837,8.73431,39.03008,201,24500.43
328_to_837,8.73677,39.02729,202,24911.35
328_to_837,8.73845,39.02543,203,25188.27
328_to_837,8.74,39.02371,204,25444.08
328_to_837,8.7416,39.02191,205,25710.14
328_to_837,8.74253,39.02093,206,25859.45
328_to_837,8.74333,39.02014,207,25983.75
328_to_837,8.74417,39.01941,208,26106.88
328_to_837,8.74472,39.01896,209,26185.54
328_to_837,8.74574,39.01821,210,26325.74
328_to_837,8.74702,39.01737,211,26495.39
328_to_837,8.74783,39.01691,212,26598.68
328_to_837,8.74867,39.0165,213,26702.38
328_to_837,8.74928,39.0162,214,26777.80
328_to_837,8.74994,39.01588,215,26859.18
328_to_837,8.75107,39.01543,216,26994.21
328_to_837,8.75198,39.01512,217,27100.98
328_to_837,8.75254,39.01494,218,27166.32
328_to_837,8.75335,39.01471,219,27259.86
328_to_837,8.75426,39.01451,220,27363.41
328_to_837,8.75461,39.01443,221,27403.31
328_to_837,8.75563,39.01423,222,27518.84
328_to_837,8.75718,39.01398,223,27693.37
328_to_837,8.75866,39.01369,224,27860.99
328_to_837,8.75988,39.01348,225,27998.60
328_to_837,8.76127,39.01324,226,28155.39
328_to_837,8.76141,39.01322,227,28171.12
328_to_837,8.76327,39.01288,228,28381.29
328_to_837,8.7672,39.01217,229,28825.19
328_to_837,8.77107,39.01145,230,29262.73
328_to_837,8.7728,39.01106,231,29459.82
328_to_837,8.77495,39.01045,232,29708.11
328_to_837,8.77636,39.00992,233,29875.36
328_to_837,8.77775,39.00938,234,30040.92
328_to_837,8.77901,39.00879,235,30195.30
328_to_837,8.78054,39.00806,236,30383.39
328_to_837,8.7812,39.00768,237,30467.83
328_to_837,8.7825,39.00691,238,30635.33
328_to_837,8.78318,39.00647,239,30725.08
328_to_837,8.78389,39.00599,240,30820.03
328_to_837,8.78441,39.00562,241,30890.72
328_to_837,8.78486,39.00523,242,30956.60
328_to_837,8.78529,39.00492,243,31015.31
328_to_837,8.78603,39.00434,244,31119.39
328_to_837,8.78705,39.00361,245,31258.31
328_to_837,8.78787,39.00299,246,31372.13
328_to_837,8.78861,39.00244,247,31474.23
328_to_837,8.78978,39.00157,248,31635.68
328_to_837,8.79061,39.00095,249,31750.39
328_to_837,8.7914,39.0004,250,31857.02
328_to_837,8.79194,38.99995,251,31934.81
328_to_837,8.79233,38.99963,252,31990.64
328_to_837,8.79283,38.99921,253,32062.89
328_to_837,8.7931,38.99897,254,32102.86
328_to_837,8.79355,38.99854,255,32171.68
328_to_837,8.79406,38.99802,256,32252.18
328_to_837,8.79451,38.99753,257,32325.69
328_to_837,8.79491,38.99708,258,32392.20
328_to_837,8.79538,38.99658,259,32468.03
328_to_837,8.79603,38.99582,260,32578.48
328_to_837,8.79652,38.99514,261,32670.95
328_to_837,8.79681,38.99471,262,32728.16
328_to_837,8.79726,38.99401,263,32819.92
328_to_837,8.79754,38.99355,264,32879.29
328_to_837,8.79784,38.99303,265,32945.46
328_to_837,8.79811,38.99252,266,33009.03
328_to_837,8.7984,38.99195,267,33079.48
328_to_837,8.79878,38.99114,268,33178.01
328_to_837,8.79895,38.99073,269,33226.87
328_to_837,8.79927,38.98993,270,33321.71
328_to_837,8.79964,38.98886,271,33446.27
328_to_837,8.79997,38.98782,272,33566.30
328_to_837,8.80057,38.98579,273,33799.13
328_to_837,8.80168,38.98208,274,34225.08
328_to_837,8.80217,38.9804,275,34417.56
328_to_837,8.80289,38.97801,276,34692.12
328_to_837,8.80362,38.97556,277,34973.31
328_to_837,8.80391,38.97456,278,35087.83
328_to_837,8.80486,38.97138,279,35452.88
328_to_837,8.8053,38.97005,280,35607.00
328_to_837,8.80563,38.96912,281,35715.58
328_to_837,8.80592,38.96837,282,35804.08
328_to_837,8.80616,38.96777,283,35875.20
328_to_837,8.80638,38.96725,284,35937.36
328_to_837,8.80676,38.9664,285,36039.88
328_to_837,8.80714,38.96556,286,36141.39
328_to_837,8.80744,38.96496,287,36215.28
328_to_837,8.80805,38.96378,288,36361.61
328_to_837,8.80843,38.96308,289,36449.37
328_to_837,8.80883,38.96237,290,36539.18
328_to_837,8.81023,38.95994,291,36848.26
328_to_837,8.81116,38.95829,292,37056.98
328_to_837,8.81181,38.95711,293,37205.43
328_to_837,8.8123,38.95615,294,37324.16
328_to_837,8.81277,38.95515,295,37445.83
328_to_837,8.8131,38.95441,296,37535.04
328_to_837,8.81333,38.95386,297,37600.67
328_to_837,8.81363,38.9531,298,37690.59
328_to_837,8.81382,38.95259,299,37750.48
328_to_837,8.81405,38.95196,300,37824.28
328_to_837,8.81417,38.95158,301,37868.12
328_to_837,8.81438,38.95092,302,37944.30
328_to_837,8.81477,38.94959,303,38096.75
328_to_837,8.81507,38.94838,304,38233.82
328_to_837,8.8153,38.94737,305,38347.71
328_to_837,8.81551,38.94631,306,38466.50
328_to_837,8.81566,38.94547,307,38560.30
328_to_837,8.8164,38.94156,308,38997.74
328_to_837,8.8165,38.94099,309,39061.36
328_to_837,8.81685,38.93915,310,39267.25
328_to_837,8.81693,38.93875,311,39312.09
328_to_837,8.81783,38.93402,312,39841.38
328_to_837,8.81803,38.93297,313,39958.87
328_to_837,8.81828,38.93154,314,40118.44
328_to_837,8.81852,38.93021,315,40267.00
328_to_837,8.81859,38.92966,316,40327.93
328_to_837,8.81864,38.92916,317,40383.15
328_to_837,8.81867,38.9287,318,40433.81
328_to_837,8.8187,38.92805,319,40505.31
328_to_837,8.8187,38.92765,320,40549.26
328_to_837,8.81868,38.92715,321,40604.25
328_to_837,8.81865,38.92664,322,40660.39
328_to_837,8.81861,38.92615,323,40714.41
328_to_837,8.81851,38.92529,324,40809.56
328_to_837,8.81833,38.92432,325,40918.01
328_to_837,8.81812,38.92349,326,41012.15
328_to_837,8.81749,38.92132,327,41260.67
328_to_837,8.817,38.91956,328,41461.59
328_to_837,8.81687,38.91902,329,41522.66
328_to_837,8.81678,38.91863,330,41566.66
328_to_837,8.81661,38.91773,331,41667.35
328_to_837,8.81652,38.91705,332,41742.73
328_to_837,8.81642,38.91607,333,41850.99
328_to_837,8.8164,38.91557,334,41905.98
328_to_837,8.81639,38.91525,335,41941.16
328_to_837,8.81641,38.91486,336,41984.07
328_to_837,8.81645,38.91447,337,42027.15
328_to_837,8.8165,38.91408,338,42070.36
328_to_837,8.8166,38.91358,339,42126.42
328_to_837,8.81668,38.91325,340,42163.75
328_to_837,8.81679,38.9129,341,42204.11
328_to_837,8.81694,38.9125,342,42251.12
328_to_837,8.8171,38.9121,343,42298.54
328_to_837,8.81723,38.91183,344,42331.54
328_to_837,8.81742,38.91145,345,42378.34
328_to_837,8.81761,38.91112,346,42420.30
328_to_837,8.81788,38.91072,347,42473.53
328_to_837,8.81805,38.91048,348,42505.98
328_to_837,8.8183,38.91018,349,42549.10
328_to_837,8.81882,38.90959,350,42635.97
328_to_837,8.81992,38.9085,351,42807.15
328_to_837,8.82123,38.90726,352,43006.61
328_to_837,8.82196,38.90656,353,43118.44
328_to_837,8.82318,38.90529,354,43313.05
328_to_837,8.82388,38.90464,355,43418.69
328_to_837,8.82499,38.9036,356,43586.90
328_to_837,8.82592,38.90271,357,43729.22
328_to_837,8.8269,38.90177,358,43879.37
328_to_837,8.82754,38.90109,359,43982.55
328_to_837,8.82816,38.90037,360,44087.49
328_to_837,8.82879,38.89947,361,44208.67
328_to_837,8.82929,38.8987,362,44309.91
328_to_837,8.82987,38.89761,363,44445.94
328_to_837,8.83024,38.89681,364,44542.99
328_to_837,8.83073,38.89569,365,44677.58
328_to_837,8.83216,38.8923,366,45082.58
328_to_837,8.83268,38.89097,367,45239.74
328_to_837,8.83302,38.89006,368,45346.63
328_to_837,8.83344,38.88883,369,45489.62
328_to_837,8.83375,38.88766,370,45622.72
328_to_837,8.83406,38.88626,371,45780.36
328_to_837,8.83432,38.88462,372,45962.86
328_to_837,8.83453,38.88287,373,46156.56
328_to_837,8.83471,38.88156,374,46301.88
328_to_837,8.83484,38.88075,375,46392.04
328_to_837,8.83508,38.87974,376,46506.18
328_to_837,8.83534,38.87889,377,46603.95
328_to_837,8.83575,38.87791,378,46720.88
328_to_837,8.83624,38.87698,379,46836.68
328_to_837,8.83694,38.87591,380,46977.68
328_to_837,8.83869,38.87357,381,47300.12
328_to_837,8.83999,38.87193,382,47531.13
328_to_837,8.84074,38.87081,383,47679.79
328_to_837,8.84128,38.86994,384,47792.67
328_to_837,8.84182,38.86881,385,47930.59
328_to_837,8.84218,38.86786,386,48042.38
328_to_837,8.84246,38.86694,387,48148.15
328_to_837,8.84262,38.86632,388,48218.56
328_to_837,8.84326,38.86252,389,48642.10
328_to_837,8.84349,38.86122,390,48787.20
328_to_837,8.84368,38.86049,391,48870.15
328_to_837,8.84388,38.85983,392,48946.00
328_to_837,8.84419,38.85913,393,49030.28
328_to_837,8.84456,38.85843,394,49117.50
328_to_837,8.84508,38.85766,395,49219.98
328_to_837,8.84555,38.85709,396,49301.54
328_to_837,8.84617,38.85651,397,49395.43
328_to_837,8.84696,38.8559,398,49505.92
328_to_837,8.84995,38.85389,399,49905.05
328_to_837,8.8508,38.85329,400,50020.29
328_to_837,8.85126,38.85297,401,50082.36
328_to_837,8.85184,38.85244,402,50169.25
328_to_837,8.85236,38.85192,403,50250.53
328_to_837,8.85277,38.85141,404,50322.77
328_to_837,8.85312,38.85094,405,50387.43
328_to_837,8.85346,38.85046,406,50452.32
328_to_837,8.85375,38.84997,407,50515.08
328_to_837,8.85404,38.84935,408,50590.44
328_to_837,8.85431,38.84871,409,50666.90
328_to_837,8.8547,38.84762,410,50794.27
328_to_837,8.85573,38.84443,411,51162.99
328_to_837,8.85621,38.84301,412,51327.88
328_to_837,8.85644,38.84238,413,51401.68
328_to_837,8.85681,38.84141,414,51515.91
328_to_837,8.85711,38.84069,415,51601.77
328_to_837,8.85738,38.84011,416,51672.21
328_to_837,8.85839,38.83809,417,51920.94
328_to_837,8.85948,38.83602,418,52178.65
328_to_837,8.8604,38.83413,419,52410.13
328_to_837,8.86082,38.83309,420,52533.57
328_to_837,8.86128,38.83202,421,52661.77
328_to_837,8.86175,38.83062,422,52824.22
328_to_837,8.86209,38.82933,423,52970.91
328_to_837,8.86248,38.8277,424,53155.17
328_to_837,8.86253,38.82755,425,53172.56
328_to_837,8.86263,38.82734,426,53198.17
328_to_837,8.86275,38.82712,427,53225.78
328_to_837,8.86284,38.82687,428,53255.02
328_to_837,8.8629,38.82659,429,53286.49
328_to_837,8.86293,38.8263,430,53318.53
328_to_837,8.86293,38.82623,431,53326.22
328_to_837,8.86292,38.82616,432,53333.99
328_to_837,8.86291,38.82599,433,53352.70
328_to_837,8.86286,38.82556,434,53400.27
328_to_837,8.86286,38.82527,435,53432.13
328_to_837,8.86293,38.82457,436,53509.43
328_to_837,8.86299,38.82394,437,53578.97
328_to_837,8.86317,38.82264,438,53723.19
328_to_837,8.86317,38.82251,439,53737.47
328_to_837,8.86318,38.82241,440,53748.52
328_to_837,8.86318,38.8221,441,53782.58
328_to_837,8.86314,38.82184,442,53811.49
328_to_837,8.8631,38.82167,443,53830.69
328_to_837,8.8631,38.82167,444,53830.69
328_to_837,8.86306,38.82151,445,53848.82
328_to_837,8.86299,38.82132,446,53871.10
328_to_837,8.86289,38.82108,447,53899.71
328_to_837,8.86284,38.82098,448,53912.03
328_to_837,8.86275,38.82084,449,53930.38
328_to_837,8.8626,38.82063,450,53958.85
328_to_837,8.86235,38.82035,451,54000.31
328_to_837,8.86204,38.82005,452,54048.00
328_to_837,8.86168,38.81971,453,54102.75
328_to_837,8.86142,38.81939,454,54148.27
328_to_837,8.86124,38.81912,455,54184.06
328_to_837,8.86108,38.81884,456,54219.59
328_to_837,8.8609,38.81849,457,54262.95
328_to_837,8.86071,38.81792,458,54329.04
328_to_837,8.8602,38.81657,459,54487.83
328_to_837,8.85972,38.81534,460,54633.13
328_to_837,8.85957,38.81485,461,54689.49
328_to_837,8.85949,38.81451,462,54727.89
328_to_837,8.85946,38.81424,463,54757.74
328_to_837,8.85945,38.81394,464,54790.72
328_to_837,8.85949,38.81353,465,54835.98
328_to_837,8.85953,38.81319,466,54873.60
328_to_837,8.85961,38.81275,467,54922.76
328_to_837,8.85967,38.81227,468,54975.91
328_to_837,8.85969,38.8119,469,55016.62
328_to_837,8.85965,38.81158,470,55052.06
328_to_837,8.85959,38.81124,471,55090.01
328_to_837,8.85948,38.8109,472,55129.32
328_to_837,8.85939,38.81069,473,55154.46
328_to_837,8.85923,38.81038,474,55192.89
328_to_837,8.85911,38.81017,475,55219.54
328_to_837,8.859,38.81003,476,55239.20
328_to_837,8.85872,38.80972,477,55285.34
328_to_837,8.85846,38.80949,478,55323.74
328_to_837,8.85795,38.80912,479,55393.51
328_to_837,8.85774,38.80895,480,55423.42
328_to_837,8.85747,38.80874,481,55461.28
328_to_837,8.85732,38.80856,482,55487.15
328_to_837,8.85705,38.80817,483,55539.47
328_to_837,8.85677,38.80752,484,55617.38
328_to_837,8.85645,38.80663,485,55721.43
328_to_837,8.8561,38.80566,486,55834.89
328_to_837,8.8553,38.80362,487,56076.03
328_to_837,8.85489,38.80267,488,56189.93
328_to_837,8.85391,38.8005,489,56452.07
328_to_837,8.85368,38.80004,490,56508.71
328_to_837,8.85345,38.7995,491,56573.32
328_to_837,8.85328,38.79893,492,56638.74
328_to_837,8.85314,38.79835,493,56704.34
328_to_837,8.85297,38.7976,494,56788.88
328_to_837,8.85275,38.79651,495,56911.11
328_to_837,8.85264,38.7958,496,56990.07
328_to_837,8.85249,38.79449,497,57134.96
328_to_837,8.85247,38.79378,498,57213.00
328_to_837,8.85248,38.7929,499,57309.70
328_to_837,8.85261,38.79153,500,57460.91
328_to_837,8.8527,38.79084,501,57537.38
328_to_837,8.85281,38.79023,502,57605.51
328_to_837,8.85292,38.78956,503,57680.13
328_to_837,8.85309,38.7889,504,57755.07
328_to_837,8.85324,38.78835,505,57817.76
328_to_837,8.85351,38.78754,506,57911.68
328_to_837,8.85387,38.78655,507,58027.58
328_to_837,8.85405,38.78612,508,58078.89
328_to_837,8.85429,38.78557,509,58144.95
328_to_837,8.85457,38.78499,510,58215.87
328_to_837,8.85484,38.78447,511,58280.41
328_to_837,8.8551,38.78399,512,58340.55
328_to_837,8.85522,38.78377,513,58368.16
328_to_837,8.85537,38.78351,514,58401.24
328_to_837,8.85563,38.78312,515,58452.93
328_to_837,8.85577,38.78289,516,58482.61
328_to_837,8.85612,38.78235,517,58553.57
328_to_837,8.85668,38.7816,518,58656.85
328_to_837,8.85711,38.78105,519,58733.91
328_to_837,8.85805,38.78004,520,58886.35
328_to_837,8.85854,38.77952,521,58965.30
328_to_837,8.85916,38.77885,522,59066.15
328_to_837,8.85964,38.77838,523,59140.42
328_to_837,8.85968,38.77835,524,59145.95
328_to_837,8.86005,38.77799,525,59203.02
328_to_837,8.86011,38.77793,526,59212.40
328_to_837,8.86052,38.77754,527,59274.97
328_to_837,8.86092,38.77714,528,59337.50
328_to_837,8.86294,38.77518,529,59648.66
328_to_837,8.86343,38.77471,530,59723.73
328_to_837,8.86396,38.77419,531,59805.81
328_to_837,8.86481,38.77337,532,59936.38
328_to_837,8.86567,38.77256,533,60067.01
328_to_837,8.86624,38.77203,534,60153.08
328_to_837,8.86707,38.77128,535,60276.80
328_to_837,8.86763,38.77079,536,60359.12
328_to_837,8.86854,38.77,537,60492.43
328_to_837,8.86966,38.76902,538,60657.06
328_to_837,8.86969,38.76899,539,60661.75
328_to_837,8.87084,38.76793,540,60834.70
328_to_837,8.8713,38.76752,541,60902.86
328_to_837,8.87174,38.76713,542,60967.89
328_to_837,8.87222,38.76671,543,61038.45
328_to_837,8.87302,38.76599,544,61157.49
328_to_837,8.87354,38.76555,545,61232.85
328_to_837,8.87357,38.76552,546,61237.54
328_to_837,8.87405,38.76507,547,61310.30
328_to_837,8.87497,38.76426,548,61445.89
328_to_837,8.875,38.76423,549,61450.57
328_to_837,8.87547,38.76382,550,61519.57
328_to_837,8.87621,38.76316,551,61629.24
328_to_837,8.87655,38.76285,552,61680.13
328_to_837,8.87681,38.76262,553,61718.52
328_to_837,8.87689,38.76255,554,61730.28
328_to_837,8.87727,38.76222,555,61785.96
328_to_837,8.87783,38.76173,556,61868.27
328_to_837,8.87827,38.76133,557,61934.04
328_to_837,8.87829,38.76131,558,61937.16
328_to_837,8.87986,38.75991,559,62169.83
328_to_837,8.88022,38.75959,560,62223.11
328_to_837,8.8804,38.75944,561,62249.03
328_to_837,8.88108,38.75878,562,62353.79
328_to_837,8.88144,38.75841,563,62410.84
328_to_837,8.88174,38.75809,564,62459.31
328_to_837,8.88226,38.75754,565,62542.94
328_to_837,8.88259,38.75714,566,62600.19
328_to_837,8.88397,38.75549,567,62837.69
328_to_837,8.88496,38.75429,568,63009.44
328_to_837,8.88506,38.75418,569,63025.86
328_to_837,8.8851,38.75413,570,63032.93
328_to_837,8.88541,38.75377,571,63085.39
328_to_837,8.88572,38.75345,572,63134.63
328_to_837,8.88594,38.75323,573,63169.01
328_to_837,8.88619,38.75303,574,63204.45
328_to_837,8.88652,38.75278,575,63250.28
328_to_837,8.88692,38.75251,576,63303.74
328_to_837,8.88702,38.75245,577,63316.67
328_to_837,8.88732,38.75229,578,63354.38
328_to_837,8.88792,38.75203,579,63426.95
328_to_837,8.88839,38.75188,580,63481.75
328_to_837,8.88864,38.75181,581,63510.59
328_to_837,8.88888,38.75177,582,63537.64
328_to_837,8.88921,38.75171,583,63574.92
328_to_837,8.88959,38.75166,584,63617.53
328_to_837,8.89006,38.75163,585,63669.90
328_to_837,8.89091,38.75163,586,63764.41
328_to_837,8.89227,38.75164,587,63915.64
328_to_837,8.89296,38.75165,588,63992.37
328_to_837,8.8962,38.75169,589,64352.67
328_to_837,8.89698,38.75169,590,64439.40
328_to_837,8.89737,38.7517,591,64482.78
328_to_837,8.89803,38.75171,592,64556.18
328_to_837,8.89858,38.75169,593,64617.38
328_to_837,8.89914,38.75165,594,64679.80
328_to_837,8.89962,38.75156,595,64734.08
328_to_837,8.90017,38.75142,596,64797.14
328_to_837,8.90124,38.75101,597,64924.36
328_to_837,8.90141,38.75092,598,64945.69
328_to_837,8.90217,38.75042,599,65046.49
328_to_837,8.90266,38.75001,600,65117.18
328_to_837,8.90312,38.74954,601,65189.86
328_to_837,8.90345,38.74913,602,65247.95
328_to_837,8.90377,38.74866,603,65310.66
328_to_837,8.9038,38.74861,604,65317.08
328_to_837,8.9039,38.74841,605,65341.71
328_to_837,8.90398,38.74826,606,65360.43
328_to_837,8.90408,38.74809,607,65382.17
328_to_837,8.90419,38.74787,608,65409.26
328_to_837,8.90436,38.74745,609,65459.12
328_to_837,8.90538,38.74462,610,65790.05
328_to_837,8.9056,38.74395,611,65867.61
328_to_837,8.90598,38.74303,612,65977.15
328_to_837,8.90608,38.74283,613,66001.78
328_to_837,8.90618,38.74264,614,66025.43
328_to_837,8.90641,38.74227,615,66073.45
328_to_837,8.90687,38.74165,616,66158.63
328_to_837,8.90703,38.74148,617,66184.42
328_to_837,8.90766,38.74086,618,66282.13
328_to_837,8.90792,38.74067,619,66317.78
328_to_837,8.90818,38.74048,620,66353.44
328_to_837,8.9084,38.74032,621,66383.56
328_to_837,8.91017,38.73921,622,66615.09
328_to_837,8.91073,38.73888,623,66687.14
328_to_837,8.912,38.73808,624,66853.47
328_to_837,8.91214,38.738,625,66871.35
328_to_837,8.91253,38.73775,626,66922.68
328_to_837,8.91291,38.73753,627,66971.36
328_to_837,8.9132,38.73737,628,67008.08
328_to_837,8.91329,38.73732,629,67019.50
328_to_837,8.91396,38.73698,630,67102.84
328_to_837,8.91417,38.73688,631,67128.64
328_to_837,8.91445,38.73675,632,67162.90
328_to_837,8.91455,38.73671,633,67174.85
328_to_837,8.91498,38.73655,634,67225.80
328_to_837,8.91503,38.73653,635,67231.77
328_to_837,8.91537,38.73641,636,67271.81
328_to_837,8.91596,38.73621,637,67341.00
328_to_837,8.91614,38.73616,638,67361.75
328_to_837,8.91634,38.73611,639,67384.66
328_to_837,8.91722,38.7359,640,67485.19
328_to_837,8.91764,38.7358,641,67533.17
328_to_837,8.91814,38.73572,642,67589.46
328_to_837,8.91927,38.73554,643,67716.65
328_to_837,8.91979,38.7354,644,67776.49
328_to_837,8.9199,38.73538,645,67788.91
328_to_837,8.92015,38.7353,646,67818.07
328_to_837,8.92047,38.73521,647,67855.00
328_to_837,8.92067,38.73513,648,67878.91
328_to_837,8.92091,38.73503,649,67907.77
328_to_837,8.92101,38.73499,650,67919.73
328_to_837,8.92167,38.73472,651,67998.88
328_to_837,8.92185,38.73465,652,68020.32
328_to_837,8.92202,38.73461,653,68039.73
328_to_837,8.92212,38.73458,654,68051.33
328_to_837,8.92233,38.73453,655,68075.32
328_to_837,8.92272,38.73448,656,68119.03
328_to_837,8.92275,38.73448,657,68122.36
328_to_837,8.92305,38.73447,658,68155.74
328_to_837,8.92321,38.73447,659,68173.53
328_to_837,8.92333,38.73448,660,68186.92
328_to_837,8.92364,38.7345,661,68221.46
328_to_837,8.92378,38.73454,662,68237.64
328_to_837,8.92386,38.73458,663,68247.56
328_to_837,8.92388,38.7346,664,68250.68
328_to_837,8.92398,38.73469,665,68265.56
328_to_837,8.92398,38.73469,666,68265.56
328_to_837,8.924,38.73471,667,68268.69
328_to_837,8.92405,38.73475,668,68275.78
328_to_837,8.92413,38.73478,669,68285.26
328_to_837,8.92422,38.7348,670,68295.51
328_to_837,8.9243,38.7348,671,68304.40
328_to_837,8.92432,38.7348,672,68306.63
328_to_837,8.9244,38.73478,673,68315.79
328_to_837,8.92449,38.73474,674,68326.72
328_to_837,8.92456,38.73468,675,68336.92
328_to_837,8.92456,38.73468,676,68336.92
328_to_837,8.9247,38.7346,677,68354.80
328_to_837,8.92479,38.73458,678,68365.04
328_to_837,8.92494,38.73456,679,68381.87
328_to_837,8.92502,38.73455,680,68390.83
328_to_837,8.9258,38.73447,681,68478.00
328_to_837,8.92682,38.73434,682,68592.32
328_to_837,8.92769,38.73424,683,68689.68
328_to_837,8.92825,38.73418,684,68752.30
328_to_837,8.92825,38.73418,685,68752.30
328_to_837,8.92859,38.73415,686,68790.25
328_to_837,8.92942,38.73409,687,68882.77
328_to_837,8.92992,38.73407,688,68938.41
328_to_837,8.93043,38.73409,689,68995.17
328_to_837,8.93118,38.73413,690,69078.68
328_to_837,8.93303,38.7342,691,69284.53
328_to_837,8.93325,38.73422,692,69309.09
328_to_837,8.93364,38.73426,693,69352.68
328_to_837,8.93388,38.73429,694,69379.57
328_to_837,8.9346,38.73436,695,69460.00
328_to_837,8.93626,38.73452,696,69645.42
328_to_837,8.93733,38.73462,697,69764.90
328_to_837,8.9379,38.73468,698,69828.63
328_to_837,8.93846,38.73474,699,69891.24
328_to_837,8.93891,38.73481,700,69941.87
328_to_837,8.93915,38.73484,701,69968.76
328_to_837,8.93933,38.73486,702,69988.89
328_to_837,8.93933,38.73486,703,69988.89
328_to_837,8.94037,38.735,704,70105.55
328_to_837,8.94145,38.73519,705,70227.44
328_to_837,8.94173,38.73521,706,70258.66
328_to_837,8.94204,38.73524,707,70293.28
328_to_837,8.94227,38.73524,708,70318.86
328_to_837,8.94269,38.73524,709,70365.56
328_to_837,8.94284,38.73522,710,70382.38
328_to_837,8.9434,38.73516,711,70445.00
328_to_837,8.94371,38.7351,712,70480.10
328_to_837,8.94385,38.73507,713,70496.01
328_to_837,8.94424,38.73497,714,70540.74
328_to_837,8.94451,38.73489,715,70572.03
328_to_837,8.94486,38.73479,716,70612.46
328_to_837,8.94609,38.73442,717,70755.14
328_to_837,8.9474,38.73402,718,70907.29
328_to_837,8.94764,38.73396,719,70934.78
328_to_837,8.94779,38.73393,720,70951.78
328_to_837,8.94796,38.73388,721,70971.47
328_to_837,8.9482,38.73382,722,70998.96
328_to_837,8.94835,38.73376,723,71016.89
328_to_837,8.94877,38.73363,724,71065.73
328_to_837,8.94913,38.73351,725,71107.87
328_to_837,8.94918,38.73349,726,71113.85
328_to_837,8.94936,38.73344,727,71134.60
328_to_837,8.94943,38.73341,728,71143.06
328_to_837,8.94977,38.73331,729,71182.42
328_to_837,8.95012,38.73319,730,71223.51
328_to_837,8.95203,38.73262,731,71444.93
328_to_837,8.95246,38.73254,732,71493.55
328_to_837,8.95273,38.7325,733,71523.89
328_to_837,8.95294,38.73249,734,71547.27
328_to_837,8.95315,38.73249,735,71570.62
328_to_837,8.95332,38.7325,736,71589.55
328_to_837,8.95372,38.7325,737,71634.03
328_to_837,8.95421,38.73253,738,71688.62
328_to_837,8.9546,38.73255,739,71732.04
328_to_837,8.95493,38.73258,740,71768.88
328_to_837,8.95673,38.73268,741,71969.33
328_to_837,8.95987,38.73285,742,72318.98
328_to_837,8.96272,38.73305,743,72636.65
328_to_837,8.96285,38.73306,744,72651.15
328_to_837,8.96302,38.73306,745,72670.05
328_to_837,8.96324,38.73307,746,72694.54
328_to_837,8.96357,38.73304,747,72731.38
328_to_837,8.96377,38.733,748,72754.05
328_to_837,8.96392,38.73294,749,72771.98
328_to_837,8.96421,38.73288,750,72804.89
328_to_837,8.96421,38.73288,751,72804.89
328_to_837,8.96426,38.73292,752,72811.98
328_to_837,8.96431,38.73294,753,72817.96
328_to_837,8.96437,38.73296,754,72824.98
328_to_837,8.96443,38.73296,755,72831.65
328_to_837,8.96449,38.73296,756,72838.33
328_to_837,8.96455,38.73294,757,72845.35
328_to_837,8.96459,38.73291,758,72850.88
328_to_837,8.96459,38.73291,759,72850.88
328_to_837,8.96466,38.73293,760,72858.97
328_to_837,8.96472,38.73294,761,72865.73
328_to_837,8.96481,38.73295,762,72875.80
328_to_837,8.96491,38.73295,763,72886.92
328_to_837,8.96501,38.73296,764,72898.09
328_to_837,8.96532,38.73294,765,72932.64
328_to_837,8.96544,38.73292,766,72946.16
328_to_837,8.96552,38.7329,767,72955.32
328_to_837,8.96559,38.73288,768,72963.41
328_to_837,8.96565,38.73286,769,72970.43
328_to_837,8.96587,38.73277,770,72996.82
328_to_837,8.9661,38.73268,771,73024.24
328_to_837,8.96624,38.73263,772,73040.74
328_to_837,8.96643,38.73254,773,73064.07
328_to_837,8.96664,38.73244,774,73089.87
328_to_837,8.96682,38.73234,775,73112.70
328_to_837,8.96693,38.73227,776,73127.15
328_to_837,8.9671,38.73216,777,73149.59
328_to_837,8.96722,38.73206,778,73166.87
328_to_837,8.96741,38.7319,779,73194.35
328_to_837,8.96757,38.73178,780,73216.49
328_to_837,8.96769,38.73169,781,73233.10
328_to_837,8.96782,38.73161,782,73250.01
328_to_837,8.96792,38.73156,783,73262.42
328_to_837,8.96799,38.73153,784,73270.87
328_to_837,8.96817,38.73146,785,73292.31
328_to_837,8.96826,38.73144,786,73302.55
328_to_837,8.96835,38.73142,787,73312.80
328_to_837,8.96846,38.7314,788,73325.23
328_to_837,8.9686,38.7314,789,73340.79
328_to_837,8.96879,38.7314,790,73361.92
328_to_837,8.96903,38.73141,791,73388.63
328_to_837,8.96931,38.73142,792,73419.79
328_to_837,8.96963,38.73142,793,73455.37
328_to_837,8.96983,38.73143,794,73477.63
328_to_837,8.97014,38.73143,795,73512.10
328_to_837,8.97037,38.73143,796,73537.68
328_to_837,8.97075,38.73142,797,73579.95
328_to_837,8.97082,38.73142,798,73587.73
328_to_837,8.97122,38.73138,799,73632.43
328_to_837,8.97171,38.73128,800,73688.01
328_to_837,8.97192,38.73124,801,73711.77
328_to_837,8.9723,38.73116,802,73754.93
328_to_837,8.9725,38.73114,803,73777.27
328_to_837,8.97269,38.73117,804,73798.66
328_to_837,8.97288,38.73124,805,73821.14
328_to_837,8.97307,38.73134,806,73844.95
328_to_837,8.97323,38.73146,807,73867.09
328_to_837,8.97339,38.73161,808,73891.34
328_to_837,8.97363,38.73194,809,73936.35
328_to_837,8.97363,38.73194,810,73936.35
328_to_837,8.97367,38.73199,811,73943.42
328_to_837,8.97374,38.73191,812,73955.15
328_to_837,8.97387,38.73174,813,73978.77
328_to_837,8.97404,38.73151,814,74010.32
328_to_837,8.9742,38.73132,815,74037.74
328_to_837,8.97447,38.73093,816,74090.05
328_to_837,8.9747,38.73059,817,74135.31
328_to_837,8.97489,38.73032,818,74171.72
328_to_837,8.97519,38.72987,819,74231.35
328_to_837,8.9753,38.72969,820,74254.60
328_to_837,8.9754,38.72951,821,74277.28
328_to_837,8.97548,38.7293,822,74302.00
328_to_837,8.9756,38.729,823,74337.55
328_to_837,8.97571,38.72861,824,74382.10
328_to_837,8.97581,38.72823,825,74425.29
328_to_837,8.97587,38.72801,826,74450.36
328_to_837,8.97592,38.72778,827,74476.23
328_to_837,8.97615,38.72678,828,74589.00
328_to_837,8.97625,38.72639,829,74633.25
328_to_837,8.97631,38.72611,830,74664.72
328_to_837,8.97636,38.72593,831,74685.26
328_to_837,8.97637,38.72587,832,74691.94
328_to_837,8.9764,38.72579,833,74701.34
328_to_837,8.97645,38.72563,834,74719.77
328_to_837,8.9766,38.72531,835,74758.67
328_to_837,8.97673,38.72503,836,74792.66
328_to_837,8.97718,38.72424,837,74892.82
328_to_837,8.97767,38.7234,838,74999.96
328_to_837,8.97795,38.72295,839,75058.38
328_to_837,8.97821,38.72256,840,75110.06
328_to_837,8.97842,38.7223,841,75146.94
328_to_837,8.97842,38.7223,842,75146.94
328_to_837,8.97847,38.72229,843,75152.61
328_to_837,8.97853,38.72226,844,75160.05
328_to_837,8.97853,38.72226,845,75160.05
328_to_837,8.97874,38.72224,846,75183.51
328_to_837,8.97904,38.72227,847,75217.03
328_to_837,8.97923,38.72229,848,75238.27
328_to_837,8.97948,38.72233,849,75266.41
328_to_837,8.97973,38.72237,850,75294.56
328_to_837,8.97992,38.72241,851,75316.14
328_to_837,8.98001,38.72242,852,75326.20
328_to_837,8.98019,38.72241,853,75346.25
328_to_837,8.98037,38.72237,854,75366.74
328_to_837,8.98045,38.72234,855,75376.23
328_to_837,8.98077,38.72214,856,75418.04
328_to_837,8.98089,38.72201,857,75437.59
328_to_837,8.98098,38.72189,858,75454.13
328_to_837,8.98105,38.72175,859,75471.37
328_to_837,8.98112,38.72159,860,75490.59
328_to_837,8.98114,38.72151,861,75499.65
328_to_837,8.98124,38.72118,862,75537.56
328_to_837,8.98143,38.72054,863,75610.96
328_to_837,8.98155,38.72021,864,75649.58
328_to_837,8.98165,38.72004,865,75671.32
328_to_837,8.98182,38.71987,866,75697.89
328_to_837,8.98192,38.71979,867,75712.06
328_to_837,8.98196,38.71976,868,75717.59
328_to_837,8.98216,38.71965,869,75742.90
328_to_837,8.98268,38.71949,870,75803.33
328_to_837,8.98323,38.71933,871,75866.97
328_to_837,8.98347,38.71928,872,75894.21
328_to_837,8.98361,38.71928,873,75909.78
328_to_837,8.98369,38.7193,874,75918.94
328_to_837,8.98394,38.71937,875,75947.78
328_to_837,8.98402,38.71941,876,75957.71
328_to_837,8.98417,38.71951,877,75977.68
328_to_837,8.98427,38.71963,878,75994.92
328_to_837,8.9844,38.7198,879,76018.53
328_to_837,8.9846,38.72004,880,76053.02
328_to_837,8.98472,38.72016,881,76071.78
328_to_837,8.98484,38.72025,882,76088.38
328_to_837,8.98534,38.72061,883,76156.60
328_to_837,8.98601,38.72107,884,76246.62
328_to_837,8.98655,38.72138,885,76315.65
328_to_837,8.98728,38.72181,886,76409.56
328_to_837,8.98775,38.72209,887,76470.20
328_to_837,8.98795,38.72226,888,76499.23
328_to_837,8.98821,38.72252,889,76539.87
328_to_837,8.98837,38.72273,890,76569.00
328_to_837,8.98846,38.72289,891,76589.22
328_to_837,8.98847,38.72291,892,76591.68
328_to_837,8.9886,38.72316,893,76622.71
328_to_837,8.9886,38.72316,894,76622.71
328_to_837,8.98867,38.72327,895,76637.08
328_to_837,8.98874,38.72317,896,76650.55
328_to_837,8.98886,38.723,897,76673.49
328_to_837,8.98895,38.72288,898,76690.04
328_to_837,8.98897,38.72285,899,76694.02
328_to_837,8.9896,38.72186,900,76823.36
328_to_837,8.99018,38.72104,901,76934.13
328_to_837,8.99038,38.72071,902,76976.66
328_to_837,8.99045,38.72061,903,76990.12
328_to_837,8.99084,38.71997,904,77072.71
328_to_837,8.99126,38.71936,905,77154.37
328_to_837,8.99159,38.71886,906,77220.42
328_to_837,8.99213,38.71805,907,77327.75
328_to_837,8.99215,38.71802,908,77331.72
328_to_837,8.99234,38.71774,909,77369.03
328_to_837,8.99243,38.71763,910,77384.72
328_to_837,8.99254,38.71749,911,77404.37
328_to_837,8.99273,38.71729,912,77434.85
328_to_837,8.99273,38.71729,913,77434.85
328_to_837,8.99279,38.71729,914,77441.52
328_to_837,8.99284,38.71728,915,77447.19
328_to_837,8.99284,38.71728,916,77447.19
328_to_837,8.99302,38.71729,917,77467.23
328_to_837,8.99317,38.71734,918,77484.79
328_to_837,8.99336,38.71742,919,77507.67
328_to_837,8.99354,38.7175,920,77529.53
328_to_837,8.99366,38.71755,921,77543.96
328_to_837,8.9944,38.71789,922,77634.32
328_to_837,8.99482,38.71808,923,77685.47
328_to_837,8.99508,38.7182,924,77717.25
328_to_837,8.99535,38.71829,925,77748.85
328_to_837,8.99571,38.71837,926,77789.84
328_to_837,8.99626,38.71848,927,77852.18
328_to_837,8.99657,38.71852,928,77886.92
328_to_837,8.99733,38.71865,929,77972.63
328_to_837,8.99799,38.71877,930,78047.19
328_to_837,8.9991,38.71895,931,78172.19
328_to_837,8.99955,38.71902,932,78222.82
328_to_837,8.99978,38.71903,933,78248.42
328_to_837,9,38.71902,934,78272.90
328_to_837,9.00018,38.71902,935,78292.92
328_to_837,9.00057,38.719,936,78336.34
328_to_837,9.00107,38.71897,937,78392.03
328_to_837,9.00156,38.71894,938,78446.62
328_to_837,9.00232,38.7189,939,78531.24
328_to_837,9.00323,38.71889,940,78632.44
328_to_837,9.00376,38.71887,941,78691.41
328_to_837,9.00466,38.7188,942,78791.78
328_to_837,9.00493,38.71878,943,78821.88
328_to_837,9.00539,38.71876,944,78873.08
328_to_837,9.00557,38.71877,945,78893.12
328_to_837,9.00579,38.71878,946,78917.61
328_to_837,9.00597,38.7188,947,78937.75
328_to_837,9.00613,38.71884,948,78956.07
328_to_837,9.0063,38.71887,949,78975.26
328_to_837,9.00651,38.71894,950,78999.85
328_to_837,9.00687,38.71909,951,79043.13
328_to_837,9.00718,38.71922,952,79080.44
328_to_837,9.00732,38.71929,953,79097.80
328_to_837,9.00776,38.71949,954,79151.43
328_to_837,9.00789,38.71956,955,79167.81
328_to_837,9.00816,38.71969,956,79201.05
328_to_837,9.00842,38.71981,957,79232.82
328_to_837,9.00917,38.72017,958,79325.12
328_to_837,9.00947,38.72032,959,79362.32
328_to_837,9.00962,38.72039,960,79380.69
328_to_837,9.01009,38.72062,961,79438.73
328_to_837,9.01045,38.72079,962,79482.90
328_to_837,9.0106,38.72086,963,79501.27
328_to_837,9.01075,38.72091,964,79518.83
328_to_837,9.01085,38.72094,965,79530.43
328_to_837,9.01099,38.72097,966,79546.34
328_to_837,9.01114,38.72099,967,79563.16
328_to_837,9.01128,38.721,968,79578.77
328_to_837,9.01141,38.721,969,79593.22
328_to_837,9.01151,38.721,970,79604.34
328_to_837,9.01163,38.72098,971,79617.87
328_to_837,9.01173,38.72096,972,79629.20
328_to_837,9.01238,38.72084,973,79702.67
328_to_837,9.01259,38.72082,974,79726.12
328_to_837,9.01284,38.7208,975,79754.01
328_to_837,9.01332,38.72082,976,79807.43
328_to_837,9.01346,38.72083,977,79823.03
328_to_837,9.01374,38.72084,978,79854.19
328_to_837,9.01383,38.72084,979,79864.19
328_to_837,9.01391,38.72083,980,79873.16
328_to_837,9.01402,38.72082,981,79885.44
328_to_837,9.01422,38.72078,982,79908.11
328_to_837,9.01447,38.72069,983,79937.61
328_to_837,9.0146,38.72064,984,79953.07
328_to_837,9.01471,38.72058,985,79966.97
328_to_837,9.01485,38.72048,986,79986.02
328_to_837,9.015,38.72036,987,80007.27
328_to_837,9.01512,38.72025,988,80025.27
328_to_837,9.01524,38.72012,989,80044.82
328_to_837,9.01549,38.71982,990,80087.92
328_to_837,9.0159,38.7193,991,80161.00
328_to_837,9.01626,38.71881,992,80228.06
328_to_837,9.01668,38.71828,993,80302.69
328_to_837,9.01685,38.71808,994,80331.67
328_to_837,9.01694,38.71797,995,80347.35
328_to_837,9.01709,38.71784,996,80369.31
328_to_837,9.01724,38.71774,997,80389.28
328_to_837,9.01747,38.71761,998,80418.57
328_to_837,9.01785,38.71741,999,80466.19
328_to_837,9.01801,38.71733,1000,80486.03
328_to_837,9.01835,38.71715,1001,80528.70
328_to_837,9.01934,38.71665,1002,80651.71
328_to_837,9.01982,38.71642,1003,80710.76
328_to_837,9.0202,38.71626,1004,80756.52
328_to_837,9.02063,38.7161,1005,80807.46
328_to_837,9.02109,38.71593,1006,80861.91
328_to_837,9.02206,38.71556,1007,80977.17
328_to_837,9.02247,38.71541,1008,81025.65
328_to_837,9.02287,38.71529,1009,81072.04
328_to_837,9.02298,38.71527,1010,81084.46
328_to_837,9.02311,38.71524,1011,81099.29
328_to_837,9.02325,38.71522,1012,81115.01
328_to_837,9.02365,38.7152,1013,81159.54
328_to_837,9.02456,38.71514,1014,81260.95
328_to_837,9.02488,38.71511,1015,81296.68
328_to_837,9.02536,38.71508,1016,81350.16
328_to_837,9.02616,38.71505,1017,81439.17
328_to_837,9.02907,38.71487,1018,81763.35
328_to_837,9.02951,38.71484,1019,81812.39
328_to_837,9.03107,38.71475,1020,81986.14
328_to_837,9.03186,38.7147,1021,82074.15
328_to_837,9.03243,38.71467,1022,82137.62
328_to_837,9.03259,38.71468,1023,82155.44
328_to_837,9.03269,38.71468,1024,82166.56
328_to_837,9.03345,38.71461,1025,82251.42
328_to_837,9.0336,38.71459,1026,82268.24
328_to_837,9.0336,38.71459,1027,82268.24
328_to_837,9.03363,38.71466,1028,82276.62
328_to_837,9.03366,38.71474,1029,82286.02
328_to_837,9.03372,38.71485,1030,82299.82
328_to_837,9.03374,38.7149,1031,82305.74
328_to_837,9.03379,38.71506,1032,82324.17
328_to_837,9.03383,38.71515,1033,82335.01
328_to_837,9.03387,38.71523,1034,82344.86
328_to_837,9.03393,38.71533,1035,82357.71
328_to_837,9.03405,38.71546,1036,82377.25
328_to_837,9.03419,38.7156,1037,82399.13
328_to_837,9.03439,38.71571,1038,82424.43
328_to_837,9.03486,38.71597,1039,82483.99
328_to_837,9.03501,38.71605,1040,82502.84
328_to_837,9.03522,38.71613,1041,82527.79
328_to_837,9.03554,38.71621,1042,82564.44
328_to_837,9.03578,38.71625,1043,82591.48
328_to_837,9.03678,38.71638,1044,82703.59
328_to_837,9.03735,38.71644,1045,82767.31
328_to_837,9.03738,38.71644,1046,82770.65
328_to_837,9.03738,38.71644,1047,82770.65
328_to_837,9.03746,38.71652,1048,82783.15
328_to_837,9.03748,38.71658,1049,82790.11
328_to_837,9.03748,38.71668,1050,82801.09
328_to_837,9.03748,38.71675,1051,82808.78
328_to_837,9.03749,38.71687,1052,82822.00
328_to_837,9.03738,38.717,1053,82840.80
328_to_837,9.03728,38.71711,1054,82857.22
328_to_837,9.03719,38.71721,1055,82872.07
328_to_837,9.03705,38.71739,1056,82897.24
328_to_837,9.03692,38.71754,1057,82919.15
328_to_837,9.03687,38.71761,1058,82928.64
328_to_837,9.03674,38.7178,1059,82954.02
328_to_837,9.03663,38.71798,1060,82977.27
328_to_837,9.03653,38.71813,1061,82997.14
328_to_837,9.03649,38.71824,1062,83010.01
328_to_837,9.03646,38.71833,1063,83020.44
328_to_837,9.03645,38.71844,1064,83032.57
328_to_837,9.03647,38.71855,1065,83044.86
328_to_837,9.03648,38.71861,1066,83051.54
328_to_837,9.03658,38.71889,1067,83084.24
328_to_837,9.03664,38.71907,1068,83105.10
328_to_837,9.03677,38.71942,1069,83146.16
328_to_837,9.03688,38.71967,1070,83176.22
328_to_837,9.03694,38.71979,1071,83190.99
328_to_837,9.037,38.71991,1072,83205.76
328_to_837,9.03706,38.72002,1073,83219.56
328_to_837,9.03716,38.72019,1074,83241.29
328_to_837,9.03737,38.72048,1075,83280.78
328_to_837,9.03755,38.72074,1076,83315.64
328_to_837,9.03761,38.72083,1077,83327.57
328_to_837,9.03765,38.7209,1078,83336.45
328_to_837,9.03774,38.72104,1079,83354.79
328_to_837,9.03775,38.72112,1080,83363.65
328_to_837,9.03775,38.72119,1081,83371.34
328_to_837,9.03774,38.72125,1082,83378.02
328_to_837,9.03767,38.72151,1083,83407.61
328_to_837,9.03767,38.72151,1084,83407.61
328_to_837,9.03791,38.72142,1085,83436.07
328_to_837,9.03843,38.72121,1086,83498.32
328_to_837,9.03881,38.72107,1087,83543.29
328_to_837,9.03896,38.72103,1088,83560.53
328_to_837,9.03908,38.721,1089,83574.28
328_to_837,9.03918,38.721,1090,83585.40
328_to_837,9.03928,38.72099,1091,83596.57
328_to_837,9.03937,38.721,1092,83606.64
328_to_837,9.03964,38.72102,1093,83636.74
328_to_837,9.03971,38.72103,1094,83644.60
328_to_837,9.03982,38.72105,1095,83657.03
328_to_837,9.04,38.72109,1096,83677.52
328_to_837,9.04042,38.72118,1097,83725.26
328_to_837,9.04078,38.72126,1098,83766.24
328_to_837,9.0409,38.72128,1099,83779.76
328_to_837,9.04132,38.72136,1100,83827.28
328_to_837,9.04194,38.72147,1101,83897.27
328_to_837,9.0421,38.72151,1102,83915.60
328_to_837,9.04221,38.72153,1103,83928.03
328_to_837,9.04229,38.72154,1104,83936.99
328_to_837,9.04236,38.72154,1105,83944.77
328_to_837,9.04251,38.72153,1106,83961.49
328_to_837,9.04265,38.72151,1107,83977.21
328_to_837,9.04277,38.72149,1108,83990.73
328_to_837,9.04287,38.72145,1109,84002.69
328_to_837,9.04296,38.72141,1110,84013.62
328_to_837,9.04304,38.72136,1111,84024.07
328_to_837,9.04313,38.72131,1112,84035.49
328_to_837,9.04319,38.72126,1113,84044.13
328_to_837,9.04328,38.72119,1114,84056.75
328_to_837,9.04342,38.72108,1115,84076.45
328_to_837,9.04359,38.72088,1116,84105.43
328_to_837,9.04371,38.72075,1117,84124.97
328_to_837,9.04382,38.72062,1118,84143.77
328_to_837,9.04391,38.72051,1119,84159.45
328_to_837,9.04398,38.72042,1120,84172.03
328_to_837,9.04407,38.72032,1121,84186.89
328_to_837,9.04417,38.72022,1122,84202.52
328_to_837,9.04425,38.72016,1123,84213.59
328_to_837,9.04436,38.72008,1124,84228.65
328_to_837,9.04446,38.72002,1125,84241.57
328_to_837,9.0446,38.71995,1126,84258.93
328_to_837,9.04472,38.7199,1127,84273.36
328_to_837,9.04486,38.71985,1128,84289.87
328_to_837,9.04499,38.71981,1129,84304.98
328_to_837,9.0451,38.71979,1130,84317.41
328_to_837,9.04522,38.71977,1131,84330.93
328_to_837,9.0453,38.71977,1132,84339.82
328_to_837,9.0454,38.71978,1133,84351.00
328_to_837,9.04558,38.71981,1134,84371.28
328_to_837,9.04577,38.71986,1135,84393.11
328_to_837,9.04599,38.71992,1136,84418.45
328_to_837,9.04627,38.71998,1137,84450.27
328_to_837,9.04652,38.72005,1138,84479.11
328_to_837,9.04687,38.72012,1139,84518.78
328_to_837,9.04693,38.72013,1140,84525.54
328_to_837,9.04693,38.72013,1141,84525.54
